 2            luis
step     q/Q                v/V
 1  0  0 
 2  0  0 
 3  0  0 
 4  0  0 
 5  0  0 
 6  0  0 
 7  0  0 
 8  8.480579708702862D-05  8.420380398213018D-06 
 9  2.109082124661654D-04  2.345271391604899D-05 
 10  4.390232788864523D-04  5.235320923052467D-05 
 11  8.027496514841914D-04  1.027687131686283D-04 
 12  1.331291277892888D-03  1.817934372858674D-04 
 13  2.047585556283593D-03  2.969312611922636D-04 
 14  2.96747381798923D-03  4.535592759984429D-04 
 15  4.100260324776173D-03  6.577018483935823D-04 
 16  5.449302960187197D-03  9.137223797828839D-04 
 17  7.013137452304363D-03  1.225441102893594D-03 
 18  8.786437101662159D-03  1.595463099392868D-03 
 19  1.080491585526033D-02  2.029664415802766D-03 
 20  1.299465425836388D-02  2.521899388603603D-03 
 21  .0153729427329381  3.076133764385735D-03 
 22  1.792936667334288D-02  3.692851288162912D-03 
 23  2.065311215119436D-02  4.370267592372434D-03 
 24  2.353349037002772D-02  5.108453771465174D-03 
 25  2.655993885127828D-02  5.905641742943448D-03 
 26  2.972221592790447D-02  6.760381501173677D-03 
 27  3.301053878385574D-02  7.671204818658534D-03 
 28  3.641564113786444D-02  8.636865657308427D-03 
 29  3.992862324230373D-02  9.654689871104887D-03 
 30  4.354131082072854D-02  1.072368154841582D-02 
 31  4.724588035605848D-02  1.184219522638062D-02 
 32  5.103494261857122D-02  1.300710506505431D-02 
 33  5.490181758068502D-02  1.421808516409513D-02 
 34  5.884001846425235D-02  1.547242236250764D-02 
 35  6.284362939186394D-02  1.676852658117842D-02 
 36  6.690707732923329D-02  1.810473549277094D-02 
 37  7.102514524012804D-02  1.947923495588655D-02 
 38  7.519304729066789D-02  2.089075855815539D-02 
 39  .0794061254709959  .0223368198350818 
 40  8.366023749113083D-02  2.381663752093328D-02 
 41  8.795140543952584D-02  2.532849451228739D-02 
 42  9.227588167414069D-02  2.687071409310422D-02 
 43  9.663025988265872D-02  2.844234840491545D-02 
 44  .1010112902149558  3.004201287970268D-02 
 45  .1054158778861165  3.166794202443946D-02 
 46  .1098411828279495  3.331917941634562D-02 
 47  .1142845610156655  3.499454196825035D-02 
 48  .1187435146421194  3.669297514030789D-02 
 49  .1232156483456492  3.841305007625574D-02 
 50  .1276988051831722  4.015400880991694D-02 
